# x	y	r	id	split_id	s_prob	t
2.0	0.5	0.0	-1.0	0.0	0.0	0.0
0.8259602468520677	0.6508099371501868	0.12450396077812657	1.0	0.0	4588.880381959629	0.0
0.3559824180415068	0.21558773340487028	0.12903936385050904	2.0	0.0	5322.418521426419	0.0
0.12786832480245075	0.8164248431720226	0.12412684162990079	3.0	0.0	4531.119586569059	0.0
0.12381345207133586	0.3786556081871225	0.12381345207133586	4.0	0.0	4483.49021896889	0.0
0.34673319353926313	0.48790231157953456	0.12259609517804886	5.0	0.0	4301.641510448203	0.0
0.3500545193703282	0.48642439714662766	0.12271869127322689	5.0	0.0	4319.728031569218	1.0
0.12774107512859537	0.8135392970487221	0.12425096847153068	3.0	0.0	4550.0774184809925	1.0
0.8237986470606733	0.658793309068829	0.12462846473890468	1.0	0.0	4608.057038405098	1.0
0.3524023719166414	0.2136001701424639	0.12916840321435955	2.0	0.0	5344.358621448404	1.0
0.11603708643800531	0.3927670747617589	0.12393726552340718	4.0	0.0	4502.2674636474385	1.0
0.11242709473292162	0.7982734476390181	0.1243752194400022	3.0	0.0	4569.107092547171	2.0
0.35239127734936326	0.21448123543269362	0.12929757161757388	2.0	0.0	5366.380963641202	2.0
0.3387958078953965	0.5051457203512225	0.1228414099645001	5.0	0.0	4337.883341552842	2.0
0.11726609187678622	0.3894906100419353	0.12406120278893058	4.0	0.0	4521.115918247914	2.0
0.8215276277773438	0.6715424802594824	0.12475309320364357	1.0	0.0	4627.306302702155	2.0
0.3505701151637018	0.21496819044464288	0.12942686918919144	2.0	0.0	5388.485833791746	3.0
0.7998345563042109	0.653430154817121	0.1248778462968472	1.0	0.0	4646.628428819263	3.0
0.13863438678482448	0.41313255599233256	0.15523157998964937	4.0	0.0	4540.035832111037	3.0
0.3821731725287629	0.5215373384992196	0.1229642513744646	5.0	0.0	4356.107681717967	3.0
0.10593018516597502	0.8211237903883896	0.12449959465944219	3.0	0.0	4588.208860201635	3.0
0.7960255782017932	0.659948282615468	0.12500272414314403	1.0	0.0	4666.023671565304	4.0
0.09555762314335121	0.8232082443191269	0.15578011781762702	3.0	0.0	4607.3829737107535	4.0
0.37749109876533204	0.518012479515653	0.12308721562583905	5.0	0.0	4374.401294183472	4.0
0.14030154598422692	0.414099761387313	0.1490223167900634	4.0	0.0	4559.027455403166	4.0
0.3596464701224214	0.2239028012006722	0.12955629605838062	2.0	0.0	5410.673518628939	4.0
0.13216218502235735	0.42133920607271813	0.1428130535904774	4.0	0.0	4578.091039118939	5.0
0.7898435803812567	0.6547867103342813	0.12512772686728715	1.0	0.0	4685.492286592276	5.0
0.369991133808578	0.22347923471893674	0.129685852354439	2.0	0.0	5432.944305826658	5.0
0.09716458091756376	0.8240872026832718	0.14954891310492194	3.0	0.0	4626.629686175889	5.0
0.3740053758660987	0.5279311086111688	0.12321030284146488	5.0	0.0	4392.764421870784	5.0
0.13617464870326723	0.42630163437399327	0.13660379039089146	4.0	0.0	4597.226835083922	6.0
0.7909700216559289	0.6528866464079706	0.12525285459415442	1.0	0.0	4705.034530397988	6.0
0.3647516552425712	0.20257079037580591	0.12981553820679342	2.0	0.0	5455.298484006757	6.0
0.10754099400871682	0.822069855652426	0.14331770839221686	3.0	0.0	4645.94925153606	6.0
0.3713710127540203	0.5276899505770261	0.12333351314430632	5.0	0.0	4411.197308506441	6.0
0.3973757098270444	0.5375378287408917	0.12345684665745062	5.0	0.0	4429.700198624677	7.0
0.3411157082529839	0.20219874303250784	0.1299453537450002	2.0	0.0	5477.736342742103	7.0
0.10979514653958451	0.8221479408907326	0.13708650367951178	3.0	0.0	4665.341924570615	7.0
0.14385609999651655	0.384697892291449	0.13039452719130548	4.0	0.0	4616.435095957256	7.0
0.787796984832952	0.6666459474698841	0.12537810744874855	1.0	0.0	4724.650660328763	7.0
0.8504950442981911	0.6406177347348114	0.12550348555619728	1.0	0.0	4744.340934582133	8.0
0.40921364409664984	0.5382466996355649	0.12358030350410805	5.0	0.0	4448.273337569994	8.0
0.24114255948527308	0.3438574043077342	0.06989216270780331	7.0	4.0	271.8714734701878	8.0
0.12073739606438157	0.864676252833567	0.1308552989668067	3.0	0.0	4684.807960901933	8.0
0.09569491961591756	0.4367213787497243	0.06989216270780331	6.0	4.0	271.8714734701878	8.0
0.2972696755949362	0.1393688822350435	0.1300752990987452	2.0	0.0	5500.2581725595965	8.0
0.21742475382687043	0.874649651226839	0.07264410808364372	8.0	3.0	341.4058897523773	9.0
0.2825892623826451	0.16872612522067482	0.13020537439784394	2.0	0.0	5522.864264943207	9.0
0.031073505969791984	0.8972260191636569	0.07264410808364372	9.0	3.0	341.4058897523773	9.0
0.10859457918064302	0.4544575546068733	0.0699620548705111	6.0	0.0	273.50849777243604	9.0
0.8502039026054452	0.6483213961700278	0.12562898904175346	1.0	0.0	4764.105612209577	9.0
0.40568163920366057	0.5567241940392059	0.12370388380761214	5.0	0.0	4466.916971499757	9.0
0.23711216383026612	0.3660708436464067	0.0699620548705111	7.0	0.0	273.50849777243604	9.0
0.013417198763312682	0.9054856198627126	0.07271675219172735	9.0	0.0	343.3862010391373	10.0
0.2856843547576994	0.15164964047744353	0.13033557977224178	2.0	0.0	5545.554912337041	10.0
0.4143184038670935	0.5574600311739412	0.12382758769141974	5.0	0.0	4485.631347386795	10.0
0.2425415395052104	0.8790421946518866	0.07271675219172735	8.0	0.0	343.3862010391373	10.0
0.15823053579073146	0.48080048881400905	0.07003201692538161	6.0	0.0	275.15372715114296	10.0
0.2316558709094457	0.3491483918029294	0.07003201692538161	7.0	0.0	275.15372715114296	10.0
0.8385183861086931	0.6661880102061242	0.12575461803079518	1.0	0.0	4783.944953119239	10.0
0.8260382256690451	0.6383772993253963	0.12588037264882596	1.0	0.0	4803.859218078666	11.0
0.15282182660121904	0.49815025100790306	0.07010204894230698	6.0	0.0	276.8071961235854	11.0
0.2868346808353373	0.15367629673505404	0.13046591535201402	2.0	0.0	5568.330408148381	11.0
0.04569711271410136	0.8853744971662604	0.07278946894391908	9.0	0.0	345.37614715351305	11.0
0.20897725401847997	0.3537058513793534	0.07010204894230698	7.0	0.0	276.8071961235854	11.0
0.40299647900909197	0.5768347167624184	0.12395141527911115	5.0	0.0	4504.416713022005	11.0
0.2582123711766398	0.852608875291464	0.07278946894391908	8.0	0.0	345.37614715351305	11.0
