# x	y	r	id	split_id	s_prob	t
2.0	0.5	0.0	-1.0	0.0	0.0	0.0
0.6491881666417911	0.5756129495397495	0.128326687644171	1.0	0.0	5202.325602514473	0.0
0.4952001335621313	0.20284498606645043	0.1287527119483619	2.0	0.0	5273.895154524597	0.0
0.34686987003049424	0.40824614061656966	0.12316314516567627	3.0	0.0	4385.723005097097	0.0
0.1255749925688646	0.543657197789849	0.1255749925688646	4.0	0.0	4755.595366195595	0.0
0.5037639751368599	0.8600869547595975	0.12454066907069361	5.0	0.0	4594.528815549891	0.0
0.22071304484499504	0.8495478243763898	0.12281796827316137	6.0	0.0	4334.411396322892	0.0
0.7713282626762711	0.3398355981880766	0.11912287478112729	7.0	0.0	3809.9764478174416	0.0
0.48769567338923175	0.8821446145981424	0.12466520973976429	5.0	0.0	4613.726860617099	1.0
0.1397871913783039	0.5765198281263381	0.12570056756143344	4.0	0.0	4775.402561299333	1.0
0.7790966395884927	0.31989281293787264	0.1192419976559084	7.0	0.0	3826.184821724433	1.0
0.2196899880344732	0.8476054158634123	0.12294078624143452	6.0	0.0	4352.622537014127	1.0
0.35628168605580823	0.41875694603454433	0.12328630831084193	3.0	0.0	4404.129144789578	1.0
0.6625616120793432	0.569253940901139	0.12845501433181514	1.0	0.0	5223.815133994534	1.0
0.49821153703397164	0.1964503701572652	0.12888146466031025	2.0	0.0	5295.653285291224	1.0
0.47729396520500694	0.8988516866355973	0.12478987494950404	5.0	0.0	4632.997588354194	2.0
0.4995534270861302	0.2064023037635756	0.12901034612497056	2.0	0.0	5317.493025713642	2.0
0.2144918422230479	0.8502425851897051	0.12306372702767594	6.0	0.0	4370.902903713041	2.0
0.777520452587158	0.26983810558104887	0.1193612396535643	7.0	0.0	3842.455376872253	2.0
0.11800156162737221	0.5661608665236127	0.12582626812899486	4.0	0.0	4795.284568186954	2.0
0.6643850726033734	0.5694556595279311	0.12858346934614695	1.0	0.0	5245.385341030762	2.0
0.35386953601855964	0.4176142465907667	0.12340959461915275	3.0	0.0	4422.605194210969	2.0
0.7680232044492847	0.26710546422232384	0.1493507511165223	7.0	0.0	3858.788332637252	3.0
0.09536625456473487	0.574087016171172	0.12595209439712385	4.0	0.0	4815.241648116993	3.0
0.6682829335619633	0.5715876741625444	0.12871205281549308	1.0	0.0	5267.036504244603	3.0
0.491972618552398	0.19096865633131127	0.1291393564710955	2.0	0.0	5339.414659493609	3.0
0.4913624241268827	0.9215918393808946	0.12491466482445353	5.0	0.0	4652.341252977232	3.0
0.3584102744951247	0.4279827370187312	0.12353300421377189	3.0	0.0	4441.151398395126	3.0
0.23281909345118862	0.8345446803281426	0.12318679075470361	6.0	0.0	4389.252739187623	3.0
0.4919730877963703	0.19096817663182747	0.12926849582756658	2.0	0.0	5361.418471268215	4.0
0.11817032383797543	0.5696535263866531	0.12607804649152096	4.0	0.0	4835.274063211697	4.0
0.3528149430440505	0.4370269893113646	0.15457067152248208	3.0	0.0	4459.768003187779	4.0
0.5089167620502577	0.9242081346013281	0.12503957948927796	5.0	0.0	4671.758109543487	4.0
0.6882063521140114	0.5809078270051324	0.12884076486830856	1.0	0.0	5288.768905183013	4.0
0.24363427034204757	0.8328631196944827	0.15413747193182287	6.0	0.0	4407.672287010484	4.0
0.7766735557813553	0.24569940472541982	0.1433767210718614	7.0	0.0	3875.1839091255115	4.0
0.6921642552031749	0.6121745307172394	0.12896960563317686	1.0	0.0	5310.582826321398	5.0
0.7887314733030659	0.26140505645218526	0.1374026910272005	7.0	0.0	3891.6423271751823	5.0
0.4839989947225043	0.18016535890814583	0.12939776432339414	2.0	0.0	5383.504746612854	5.0
0.508257940344833	0.9232411979376834	0.12516461906876722	5.0	0.0	4691.24841395414	5.0
0.10351088169545243	0.5629080164484512	0.12620412453801247	4.0	0.0	4855.382076459789	5.0
0.35016381164927285	0.441563747669309	0.14838784466158278	3.0	0.0	4478.45525524912	5.0
0.2301808111180851	0.8433953482713065	0.14797197305454995	6.0	0.0	4426.161791561434	5.0
0.33143651437985794	0.41371570826688586	0.14220501780068348	3.0	0.0	4497.213402056412	6.0
0.7892566274647395	0.26834296964965826	0.13142866098253964	7.0	0.0	3908.163808358827	6.0
0.6951344844048896	0.5934593729409098	0.12909857523881002	1.0	0.0	5332.478551066579	6.0
0.2527437791410583	0.8532656506381899	0.14180647417727704	6.0	0.0	4444.721498030058	6.0
0.12633032866255048	0.580007647928989	0.12633032866255048	4.0	0.0	4875.565951719235	6.0
0.506157191050673	0.9302910834266748	0.12528978368783597	5.0	0.0	4710.812422956981	6.0
0.48073845823978867	0.1837154996515748	0.12952716208771753	2.0	0.0	5405.673772044208	6.0
0.2550285903344116	0.8543344827506549	0.13564097530000416	6.0	0.0	4463.351652418314	7.0
0.32775078154551984	0.41055875457763114	0.13602219093978424	3.0	0.0	4516.042691906599	7.0
0.4731000333502932	0.16167973021216636	0.12965668924980522	2.0	0.0	5427.925835023257	7.0
0.7915389219800484	0.2649009491047356	0.12545463093787873	7.0	0.0	3924.7485749857788	7.0
0.4999895600492724	0.936211346189697	0.12541507347152378	5.0	0.0	4730.450394149099	7.0
0.10773450809014316	0.6036077919794758	0.12645665899121303	4.0	0.0	4895.825953720011	7.0
0.7135010905000033	0.5922434647052702	0.12922767381404882	1.0	0.0	5354.456363759757	7.0
0.3116022636788476	0.39084220962903987	0.12983936407888494	3.0	0.0	4534.943373918935	8.0
0.25266492967407644	0.8518564935456026	0.12947547642273122	6.0	0.0	4482.052501543121	8.0
0.7461610275320513	0.6235934934293582	0.12935690148786286	1.0	0.0	5376.516549679498	8.0
0.09559417812555326	0.6065284908871358	0.12658311565020422	4.0	0.0	4916.162348066892	8.0
0.5192838502491576	0.9734102370567609	0.12554048854499528	5.0	0.0	4750.162585979614	8.0
0.47248110836782825	0.16303601388608377	0.12978634593905503	2.0	0.0	5450.261223958294	8.0
0.7152120280944783	0.1984381588936745	0.0720475199394578	9.0	7.0	325.429856977381	8.0
0.8582791963156613	0.3263530003613529	0.0720475199394578	8.0	7.0	325.429856977381	8.0
0.5179053730809392	0.9797513624780043	0.12566602903354027	5.0	0.0	4769.949257752387	9.0
0.4974379407853648	0.1639005340017441	0.12991613228499407	2.0	0.0	5472.680228207926	9.0
0.4134227395591602	0.40406633266475483	0.06835183173864733	10.0	3.0	237.43188872648702	9.0
0.8769852695167636	0.3029179536994203	0.07211956745939724	8.0	0.0	327.33217384327344	9.0
0.2254881651043912	0.3598546177933522	0.06835183173864733	11.0	3.0	237.43188872648702	9.0
0.05371491316795714	0.5832780394730691	0.12670969876585442	4.0	0.0	4936.575401242254	9.0
0.28439021113804314	0.9330259746915754	0.06939954658933936	13.0	6.0	260.51823601342574	9.0
0.2150850676700895	0.7605219639424503	0.06939954658933936	12.0	6.0	260.51823601342574	9.0
0.7174910226504538	0.19663075961066284	0.07211956745939724	9.0	0.0	327.33217384327344	9.0
0.7698127991889696	0.6292835944269483	0.1294862583893507	1.0	0.0	5398.659395044712	9.0
0.874700486949967	0.30196945852733387	0.07219168702685663	8.0	0.0	329.24380311896124	10.0
0.5135997844658178	0.976247526896976	0.1257916950625738	5.0	0.0	4789.810669628746	10.0
0.020891701476766077	0.5957080627405553	0.12683640846462027	4.0	0.0	4957.065380608858	10.0
0.2469195670651759	0.3592472823324739	0.06842018357038597	11.0	0.0	238.89467378360507	10.0
0.288855187535294	0.9375333171919658	0.06946894613592869	13.0	0.0	262.0981708439478	10.0
0.22928036113728167	0.7705246410933074	0.06946894613592869	12.0	0.0	262.0981708439478	10.0
0.45474617061240785	0.39217634988856376	0.06842018357038597	10.0	0.0	238.89467378360507	10.0
0.719680103848171	0.19158342925417765	0.07219168702685663	9.0	0.0	329.24380311896124	10.0
0.49007275406677914	0.17045422430568036	0.13004604841727904	2.0	0.0	5495.183138084118	10.0
0.7778013199498719	0.6187416608419268	0.12961574464774006	1.0	0.0	5420.885187017662	10.0
0.24739582227567064	0.3579776106568416	0.06848860375395635	11.0	0.0	240.36492633300526	11.0
0.7975911168542666	0.618928554616013	0.1297453603923878	1.0	0.0	5443.194213706957	11.0
0.8835625336276953	0.303634555260749	0.07226387871388348	8.0	0.0	331.16478337031543	11.0
0.45387006222588	0.3795458439463437	0.06848860375395635	10.0	0.0	240.36492633300526	11.0
0.02242233635711644	0.5948328954330058	0.12696324487308489	4.0	0.0	4977.63255441267	11.0
0.5149337361505087	0.9807241232481266	0.12591748675763634	5.0	0.0	4809.747082630233	11.0
0.23003375922235203	0.7754727713727181	0.06953841508206461	12.0	0.0	263.68607006617555	11.0
0.7361306119572362	0.1953225872639731	0.07226387871388348	9.0	0.0	331.16478337031543	11.0
0.3002644269752097	0.9413678866849955	0.06953841508206461	13.0	0.0	263.68607006617555	11.0
0.4908013290818827	0.17028379018315654	0.1301760944656963	2.0	0.0	5517.770244855225	11.0
